geoinfo/density_kriging.asc
NCOLS 903 
NROWS 364 
XLLCORNER 442850 
YLLCORNER 4085850 
CELLSIZE 100 
NODATA_value -9999 
[rows 203 to 231 of 364, columns 585 to 649 of 903]
412.110206312693 392.298783730716 370.445176558179 359.911705919228 378.35943482628 401.494286963555 421.127246039038 -9999 449.274089124914 457.868806644579 462.543221730211 462.899344190919 459.14350215117 460.6830498865 -9999 -9999 -9999 -9999 -9999 540.285077115463 547.459795509637 554.87508361497 -9999 -9999 -9999 -9999 -9999 -9999 -9999 -9999 -9999 -9999 -9999 -9999 -9999 -9999 -9999 -9999 -9999 -9999 -9999 -9999 -9999 -9999 -9999 -9999 -9999 -9999 -9999 930.358663985619 942.19042712982 953.927021181304 965.572746460252 977.130310388934 -9999 -9999 1011.27479243121 1022.47076444968 -9999 -9999 -9999 1066.11571667834 1076.67293899483 1087.05015179168 1097.22219492909
439.051956303838 423.738218101994 411.056683900304 406.98710220109 414.870827826322 429.188226892961 444.388057795431 -9999 469.766983183834 478.78020379028 485.155829644109 489.283865203836 492.885445960787 -9999 -9999 -9999 -9999 -9999 -9999 -9999 587.831722834415 597.378816916612 -9999 -9999 -9999 -9999 -9999 -9999 -9999 -9999 -9999 -9999 -9999 -9999 -9999 -9999 -9999 -9999 -9999 -9999 -9999 -9999 -9999 -9999 -9999 -9999 -9999 -9999 -9999 932.40370062567 943.820977221044 955.155956715286 966.409321960643 977.580610607022 -9999 -9999 -9999 1021.38628939214 1032.08841658674 1042.67217295148 1053.12427590559 1063.42887985152 1073.56738637726 1083.51826043589 1093.25685958397
469.1514715002 457.208651880197 448.702811179384 446.20519454331 450.672668257984 460.202722736883 471.954499017087 -9999 494.847812142648 504.350938171083 -9999 -9999 -9999 -9999 -9999 -9999 -9999 -9999 -9999 -9999 -9999 640.582364444705 651.092088574593 -9999 -9999 -9999 -9999 -9999 -9999 -9999 -9999 -9999 -9999 -9999 -9999 -9999 -9999 -9999 -9999 -9999 -9999 -9999 -9999 -9999 -9999 -9999 -9999 -9999 -9999 934.578013573968 945.569955174146 956.493738070686 967.346540182561 978.12484385939 988.824214947561 -9999 1009.96259967473 1020.3863306297 1030.70018246271 1040.89216065392 1050.94820088037 1060.8519946767 1070.58482400206 -9999 1089.44977754465
500.514774768129 490.366151963225 483.592795705298 481.57146361565 484.69634300049 492.019088671014 501.863822748915 512.656172442588 523.310431888761 533.277854991321 542.510168339913 -9999 -9999 -9999 -9999 -9999 -9999 -9999 -9999 -9999 -9999 -9999 -9999 -9999 -9999 -9999 -9999 -9999 -9999 -9999 -9999 -9999 -9999 -9999 -9999 -9999 -9999 -9999 -9999 -9999 -9999 -9999 -9999 -9999 -9999 -9999 -9999 -9999 -9999 -9999 947.422084910639 957.929205220241 968.376868162469 978.758681859374 989.06772398367 -9999 -9999 1019.47601450515 1029.40592356592 -9999 1048.8810728016 1058.39500760944 1067.73561798327 -9999 -9999
532.241881239346 522.594071074141 516.255410866313 514.31368079952 517.04785727486 523.730601859604 533.013401684791 543.521265617658 554.238203030182 564.629189212804 574.627835730404 584.570755369405 -9999 -9999 -9999 -9999 -9999 666.457756511628 683.147654740264 -9999 -9999 -9999 -9999 -9999 -9999 -9999 -9999 -9999 -9999 -9999 -9999 -9999 -9999 -9999 -9999 -9999 -9999 -9999 -9999 -9999 -9999 -9999 -9999 -9999 -9999 -9999 -9999 -9999 929.078192533267 -9999 949.361366674634 959.45026256635 969.49164033507 979.476475989246 989.395577812748 999.23930873035 -9999 -9999 1028.21015778589 1037.63888949407 1046.92944460301 1056.06503434282 1065.02711537822 -9999 -9999
564.048728926295 553.7331203522 546.813487052463 544.684613974598 547.737815129599 555.038981189837 564.962009286997 576.002489977608 587.148375427757 597.911547958448 608.260568389338 618.545638772635 629.385131975641 -9999 -9999 -9999 686.909472187182 704.540374089139 722.978692082159 -9999 760.649020499699 -9999 -9999 -9999 -9999 -9999 -9999 -9999 -9999 -9999 -9999 -9999 -9999 -9999 -9999 -9999 -9999 -9999 -9999 -9999 -9999 -9999 -9999 -9999 -9999 -9999 -9999 -9999 -9999 941.675201908272 951.371659074983 961.044377136376 970.681489808124 980.271636270746 989.80361546344 999.266083340067 1008.64728615477 -9999 -9999 1036.1748499642 1045.0975471505 1053.8666993005 1062.46401598119 -9999 -9999
596.11595242171 583.801863613212 574.980673112034 572.27190431696 576.575893515663 586.00062746262 597.825432407443 -9999 622.012758920248 -9999 643.300917644793 653.230025941268 663.653563972521 675.588507405936 689.627116779417 705.607828798598 723.124954489246 741.972868865808 762.127428765949 -9999 -9999 827.162186790832 -9999 -9999 854.715109350829 848.174157344822 839.243716638893 -9999 -9999 -9999 -9999 -9999 -9999 -9999 -9999 -9999 -9999 -9999 -9999 -9999 -9999 -9999 -9999 -9999 -9999 -9999 -9999 -9999 934.899142438445 944.165447725778 953.43721808841 962.699044117579 971.93675552999 981.136993171074 990.286839941826 999.373501067264 1008.38402606459 -9999 -9999 1034.82207370772 1043.3875971864 1051.80246484444 1060.04872808654 -9999 -9999
629.272240999548 613.269614141406 600.025791642372 595.719131247549 603.316316229041 617.295406056637 632.391289074342 646.557325500698 659.2174446685 670.30058255514 -9999 688.710960739941 697.594977949844 708.657378195822 723.14345103042 740.030172590486 758.343917801695 778.036511752677 799.501129568306 823.216360981079 849.403272669049 877.175807845695 902.189642649387 914.260374483971 907.620810796532 891.271666319509 874.276466873726 859.947464842365 848.941108283716 -9999 -9999 -9999 -9999 -9999 -9999 -9999 -9999 -9999 -9999 -9999 -9999 -9999 -9999 -9999 -9999 -9999 -9999 -9999 937.850627374306 946.686802905466 955.543174063758 964.402203638528 973.247851501258 982.065130135095 990.839723605909 999.557659890645 1008.20502853974 -9999 -9999 1033.58067794674 1041.80009226445 1049.87294409211 1057.78170302347 1065.50784963322 -9999
665.448825306069 644.370067540486 621.266077089286 611.09302489244 628.930973980576 651.218668447472 670.335134829991 686.243951078231 699.43164340411 710.248215382897 718.916062293826 -9999 731.000916065724 739.45853167664 755.658628504611 773.862957921599 792.443256198021 812.090277471859 833.817793485532 858.798604986879 888.421272121154 924.175971112688 965.132142503098 987.769455446284 962.680799795432 929.94945134465 903.850875083505 884.201487699227 869.746442282852 -9999 -9999 -9999 -9999 -9999 -9999 -9999 -9999 -9999 -9999 -9999 877.990947367419 -9999 -9999 900.057275913911 -9999 -9999 -9999 -9999 -9999 -9999 957.675930808618 966.142595304014 974.605586416154 983.048676680776 991.456482054716 999.814135874357 1008.10700964219 -9999 -9999 1032.44947521485 1040.33408741558 1048.0771928131 1055.66174485943 1063.06994084637 1070.28320155558
707.620699002682 683.757181886406 648.919693654061 606.419526740868 663.395852417994 692.783332933548 713.917512293748 730.322277906211 743.319720101792 753.494673575406 761.050097823097 765.807407057247 766.558060913026 -9999 -9999 -9999 -9999 843.680470993064 863.904081276592 887.873128666027 917.710301941552 957.074164441223 1015.43059589391 1104.29063724541 1002.22512298465 955.196161322575 923.864124476541 901.496588661374 885.310253122463 -9999 -9999 -9999 -9999 -9999 -9999 -9999 -9999 -9999 -9999 878.551901081075 884.641507130356 891.159177291534 898.030112209633 905.191329251412 -9999 -9999 -9999 -9999 -9999 -9999 959.823474613588 967.910040165572 976.001424804967 984.080554191222 992.131309486503 1000.13821257068 1008.08615743477 1015.96018184955 -9999 1031.42621674508 -9999 1046.41297724754 1053.68629299222 1060.79033800525 1067.70748843096
-9999 737.578812080564 714.613548767153 704.207181551255 -9999 745.778033964699 764.364563397164 779.29100592837 791.155422589926 800.32386402617 806.957727740598 811.093289172413 -9999 817.614573025911 830.388116497512 844.341561345492 858.076182830405 872.601378774003 889.172913424288 909.179429557974 934.220316941269 966.042921816287 -9999 1024.62667611438 995.63354687695 960.081163989102 932.014865744304 910.852641564663 -9999 -9999 -9999 870.624705467476 -9999 -9999 -9999 -9999 -9999 -9999 -9999 885.288542105099 890.925247214583 896.993464530576 903.42079954454 910.145915145412 -9999 -9999 -9999 -9999 -9999 -9999 961.975585454818 969.695643441709 977.427683775433 985.154169086407 992.85857066032 1000.52507409084 -9999 1015.68323355943 1023.14476190401 -9999 -9999 1044.87701587784 1051.85167644439 1058.66477365368 1065.29962866377
-9999 800.299302968578 788.665945654469 785.241027990205 793.235787788778 806.772722544708 820.519914686973 832.608484088511 842.600983282942 850.444473753658 856.193757428434 860.087819150481 863.00529659091 867.006474839604 873.468404884575 881.275959144782 889.632015193449 898.8892247472 909.875743551952 923.480573311383 -9999 959.776985787135 977.7531408103 983.749464810754 971.632928079793 950.742687028089 -9999 913.016978841962 899.614284991617 -9999 -9999 877.892560615272 -9999 -9999 -9999 -9999 -9999 -9999 886.788608278151 -9999 896.834494362132 902.526093884912 908.570133674289 914.909257854341 -9999 -9999 -9999 -9999 -9999 956.792714945384 964.123947428994 971.491915230363 978.877662684737 986.263550747885 993.632946864187 1000.96995929107 1008.25921041514 1015.48564478661 1022.63436861067 -9999 -9999 -9999 1050.1533395765 1056.68807160538 1063.05364082394
-9999 865.09259087044 859.226796079139 -9999 862.447293259319 870.629446837262 880.030781582161 889.021041621541 896.834051750861 903.139427713506 907.808464228055 910.909416237793 912.854280712112 914.391420023043 916.074066523166 917.93794667038 920.036687679862 922.794382960594 -9999 932.710303370457 -9999 -9999 955.631509893214 -9999 948.607690768817 935.979688705978 922.239555007756 909.851442675155 899.732911412347 -9999 -9999 882.912181849686 -9999 -9999 -9999 -9999 -9999 -9999 -9999 -9999 -9999 -9999 913.478272322531 919.478729611671 -9999 -9999 -9999 -9999 -9999 959.272392294839 966.262160469301 973.29281048304 980.345706352172 987.403434271264 994.449535549122 -9999 1008.44445092911 1015.36321358538 1022.20993985966 1028.97011239111 -9999 1042.17275251734 1048.58603967753 1054.85435311524 1060.96285261711
-9999 -9999 927.085339943411 927.016235122019 929.836231458735 934.875777382778 940.984539380051 947.184314056449 952.846504559583 957.569417501231 961.02986138147 962.934661122751 963.089183327243 -9999 958.363261293307 -9999 949.297333322517 944.694737375093 940.973904413599 -9999 -9999 -9999 -9999 -9999 -9999 919.598420658263 911.090382242252 903.258201922121 -9999 -9999 -9999 -9999 885.210863208242 885.403588589284 -9999 -9999 -9999 -9999 -9999 -9999 -9999 912.715043588598 918.155397337596 923.859901419819 929.789622911145 935.909889681606 942.189704040729 -9999 955.119305434495 961.721092596154 968.385660266279 975.093693404245 981.827205570655 988.56929069698 995.303905423941 -9999 1008.68975191483 1015.31163181063 1021.86708170224 1028.34202326226 -9999 -9999 1047.14401749288 1053.15721488765 1059.02008434735
-9999 -9999 -9999 993.939720271081 995.799075146701 998.694536771088 1002.2162741511 1005.96407198169 1009.62640573134 1012.89368601814 1015.30040432533 1016.11330873712 -9999 -9999 1001.06683585868 990.057713134025 977.612903691557 964.935623686403 952.919910929315 -9999 -9999 -9999 -9999 -9999 -9999 -9999 898.302374756939 894.694386848656 -9999 -9999 -9999 887.97685200081 888.299110852227 889.352541488812 -9999 -9999 -9999 -9999 -9999 -9999 912.483151041219 917.41419141379 922.620008177156 928.065230338604 933.71755814155 939.54749916494 945.528095118023 951.634649483418 957.844462929534 964.136581101685 970.491557747436 976.891234959942 983.31854150881 989.757309682168 996.192110718491 1002.60810871128 1008.99093278432 1015.32656732821 1021.6012601353 1027.80144834995 -9999 -9999 1045.82114222976 1051.58988081625 1057.21780517557
-9999 -9999 -9999 1059.77772239407 1060.80330998246 1061.8530634444 1063.01352824341 1064.40301912759 1066.13457200831 1068.16382261413 1070.02286200299 1070.51102276943 1067.63718164784 -9999 1045.08184487659 1026.2114014148 1005.09344840887 983.652589890367 962.993531429501 -9999 925.959556819046 -9999 -9999 -9999 -9999 -9999 -9999 -9999 -9999 -9999 -9999 -9999 -9999 -9999 -9999 -9999 -9999 -9999 -9999 912.624210020193 917.125747179847 921.892456443897 926.896871613168 932.112477436774 937.513972138505 943.077395392922 948.780162618097 954.601035376561 960.520049572097 966.518417207264 972.578413137258 978.683255093554 984.816982946001 990.96434149957 997.110669917714 1003.24180000595 1009.34396498791 1015.40371999223 1021.40787519158 1027.34344235453 1033.19759545511 -9999 1044.6110329479 1050.14532959311 1055.54826461455
-9999 -9999 -9999 -9999 1125.29166875218 1124.31508574001 1122.85688571924 1121.57791322629 1121.15159567015 1122.05114719775 1124.14718529363 1125.97736966608 1123.91482978447 1113.02606845745 1091.42867319279 1062.60491837472 -9999 -9999 -9999 -9999 917.308764912661 893.752453190383 875.275524252699 -9999 -9999 -9999 -9999 875.9928006538 -9999 -9999 -9999 -9999 -9999 -9999 -9999 -9999 -9999 -9999 -9999 -9999 -9999 926.188195616059 931.014779873862 936.022970156101 941.19437055938 946.510550572773 951.953356463811 957.505102747204 963.148677719722 968.867588218333 974.645962252642 980.468523362862 986.320547009225 992.187806679987 998.056515471216 1003.91326746639 1009.74498219636 1015.5388546927 1021.28231308728 1026.96298530076 1032.56867606091 1038.08735526358 -9999 1048.81640048625 -9999
-9999 -9999 -9999 -9999 1189.76301293649 1186.15688792064 1181.30651348392 1176.50026904531 1173.12400821632 1172.47816926251 1175.42381898836 -9999 1184.88739614518 1173.61761780562 -9999 1098.03389581357 -9999 -9999 -9999 -9999 -9999 874.083454549757 846.299818847039 833.511390757604 837.398060413261 848.057973136473 858.909044699285 868.121131398562 875.586585399535 -9999 -9999 -9999 -9999 -9999 -9999 -9999 -9999 -9999 -9999 -9999 925.841050734625 930.341351979208 935.004281407168 939.819831581028 944.776007602075 949.859582909717 955.056636435331 960.352927813268 965.734153039134 971.186112337315 976.694814101802 982.246532893252 987.827835086937 993.425582484169 999.026921741939 1004.61926563158 1010.19027075361 1015.72781529577 1021.21997963839 1026.65503201858 1032.02142101222 1037.30777624029 -9999 1047.595879671 1052.57593467934
-9999 -9999 -9999 -9999 1254.89064304648 1247.59712992719 1238.0007305671 1228.13985406376 1220.18925256978 1216.41828584793 1219.29311993864 -9999 1251.62503441597 1249.49933511345 -9999 1127.76366122252 -9999 -9999 -9999 940.76342572423 -9999 854.259803712584 808.109801042758 -9999 811.29573940501 833.319224701122 850.25744766997 863.131279028396 -9999 -9999 -9999 -9999 -9999 -9999 -9999 -9999 -9999 -9999 -9999 -9999 930.015176773177 934.390734109138 938.895543771374 943.526296072691 948.276555406736 953.137704282142 958.099640107483 963.151285511008 968.280958209237 973.476635355228 978.726138964252 984.017262735287 989.337855841685 994.675875669727 1000.01941875433 1005.35673708327 1010.67624535682 1015.96652357708 1021.21631841184 1026.41454605848 1031.55029877481 1036.6128568001 -9999 1046.47656952062 1051.25743259539
-9999 -9999 -9999 -9999 1321.65916288979 1309.04574384196 1292.6941743345 1275.57755349822 1260.56522982553 1250.53931805999 1249.00007864646 -9999 1301.31369997026 1366.62636582875 -9999 1141.08274765123 1080.30692008761 -9999 -9999 941.214373022185 896.415356249822 845.717214850248 777.533070671214 742.975931599192 798.857927420375 -9999 847.900739798551 -9999 -9999 -9999 -9999 -9999 -9999 -9999 -9999 -9999 -9999 -9999 -9999 -9999 934.127867422245 938.371678442298 942.716487814682 947.164216493398 951.712907995646 956.357761502723 961.091914908729 965.907035686505 970.793764186651 975.742043842078 980.741364976448 985.780942945805 990.849846751625 995.937090724918 1001.03169914875 1006.12275157212 1011.19941492836 1016.25096729585 1021.2668171435 1026.23652112117 1031.14980283666 1035.99657456392 1040.76696342157 1045.45134322079 1050.04037288829
-9999 -9999 -9999 -9999 1391.50630556731 1371.05635011245 1345.19228200795 1318.14990681829 1293.20164595395 1273.0185409246 1260.35618683926 -9999 1268.06359396234 1258.92304266326 1195.48482436022 -9999 1075.14315981227 -9999 -9999 944.402022746665 -9999 858.475053994914 814.669582400799 797.355757882632 815.183466836223 836.082697354975 853.045911935049 -9999 -9999 -9999 -9999 -9999 -9999 -9999 -9999 -9999 -9999 -9999 -9999 -9999 938.216100355063 942.314232916367 -9999 -9999 -9999 -9999 964.042253377409 968.626583090601 973.276993620381 977.98511447862 982.741898983903 987.537835093175 992.363104461353 997.207701933438 1002.06152518976 1006.91444230065 1011.75634339232 1016.57718139313 1021.36700584847 1026.11599300932 1030.81447476805 1035.45296850215 1040.02220946174 1044.5131869796 1048.91718547367
-9999 -9999 -9999 -9999 -9999 1433.93782930664 1394.94925579638 1355.3227606009 1318.11355117732 1284.86444553656 1256.49249549999 1233.25710850279 1212.51303088511 1184.95020204238 1145.00611884405 1101.30526359779 1060.10357831958 -9999 -9999 -9999 -9999 -9999 852.975629558592 839.661716475192 842.419080711445 852.682660557165 864.14970727199 -9999 -9999 -9999 -9999 -9999 -9999 -9999 -9999 -9999 -9999 930.722216785713 934.572254029403 938.424743738974 -9999 -9999 -9999 -9999 -9999 -9999 966.958159652694 971.31543408599 975.734455167249 980.208214907028 984.728884297105 989.288038597603 993.876832545197 998.486136407916 1003.10664178151 1007.72894436403 1012.34360959585 1016.94122595393 1021.51244979535 1026.04804491509 1030.53891938368 1034.97616173415 1039.35107815172 1043.65523196587 1047.88048643681
-9999 -9999 -9999 -9999 1548.54325241752 1496.39861896856 1440.09170493293 1386.18318232417 1336.00672623001 1289.09217761055 -9999 1200.13222168384 1156.97003157773 1119.7514075505 1091.77072146193 1066.99651960053 1041.04190828853 1013.55031435314 985.122634876786 956.40971791081 -9999 -9999 882.318223603991 870.698662631807 868.217814656966 871.926471156875 878.444846435151 -9999 -9999 -9999 -9999 -9999 -9999 -9999 -9999 -9999 -9999 935.344483981391 939.031615860321 -9999 -9999 -9999 -9999 -9999 -9999 -9999 969.845462908565 973.977863929959 978.169060790298 982.41306654021 986.703004319807 991.03133058465 995.390013246865 999.770673706001 1004.1647003039 1008.56333949604 1012.95776997494 1017.33916408854 1021.69874014538 1026.02780856723 1030.31781431832 1034.56037759064 1038.74733433972 1042.8707779341 1046.92310288962
-9999 -9999 1674.23564106447 1702.11419613472 1636.34217408798 1551.86226193167 1476.08754507676 1408.9513762208 1347.64858395019 1289.2203788525 1230.35968283059 1167.20016158954 1098.1930715115 1046.17545798519 1038.67299146377 1035.47423868044 1024.13463874115 1006.77001814011 986.003185481789 963.788146256544 941.79106336487 -9999 -9999 -9999 -9999 -9999 893.776157390813 -9999 -9999 -9999 -9999 -9999 -9999 -9999 -9999 -9999 -9999 940.116127623262 943.590338217101 947.067455243198 -9999 -9999 -9999 -9999 -9999 -9999 972.708081143008 976.616699347858 980.58263128232 984.600574632709 988.664337146965 992.767044003439 996.901307540807 1001.05936595764 1005.23319680011 1009.41461028757 1013.59532681242 1017.7670423075 1021.92148460371 1026.05046340026 1030.1459160329 1034.1999508439 1038.20488962288 1042.15331029231 1046.03809074827
-9999 1646.55095795853 1760.00538161726 1906.15460506774 1698.31548824493 1583.87759671485 1496.11161382807 1421.42767889471 1353.6179309143 1288.35422220256 1221.31225034312 1146.53780209553 1051.63735961567 931.357524239452 1002.26176364908 1017.03621161867 1014.99494787498 1004.43071352661 989.320564424748 972.13867158849 -9999 -9999 -9999 -9999 -9999 -9999 -9999 -9999 -9999 -9999 -9999 -9999 -9999 -9999 -9999 -9999 -9999 -9999 948.242620688734 951.478931772474 954.749048991632 -9999 -9999 964.867901620601 -9999 -9999 -9999 979.233212726678 982.975788868908 986.770726034192 990.612262486605 994.493985883623 998.408985643573 1002.34998071973 1006.30942671958 1010.27960601496 1014.25270413225 1018.22087533352 1022.17629992864 1026.11123550505 1030.01806393618 1033.88933572993 1037.7178130068 1041.49651214892 1045.21874693501
-9999 -9999 1718.25738368911 1751.60858642635 1672.28945475273 1578.57957380764 1496.22438137058 1422.73809509809 1354.47851680491 1288.21134142423 1220.75705956162 1148.82188923426 1071.51439512474 1015.14638670015 1013.95315065402 1018.96802959974 1016.43776037105 1007.94197837175 995.760361309887 981.748890348717 -9999 -9999 -9999 -9999 -9999 -9999 -9999 -9999 -9999 -9999 -9999 -9999 -9999 -9999 -9999 -9999 -9999 -9999 -9999 -9999 -9999 -9999 -9999 968.364008671949 971.63117905316 -9999 -9999 981.827117328551 985.347930321624 988.922550797297 992.54541892833 996.210394990547 999.910888048845 1003.63996715735 1007.39045714609 1011.15502120758 1014.92623247389 1018.69663665445 1022.45880763035 1026.20539769981 1029.92918395899 1033.62311209256 1037.28033864475 1040.89427264764 1044.45861729881
-9999 -9999 1642.81188382321 1648.91616200393 1610.06807708847 1547.49505996893 1480.34911037005 1414.64767499114 1351.01785080025 1288.57838761779 -9999 1164.29218501587 1106.57104255732 1064.3798725823 -9999 1034.59324688427 -9999 -9999 -9999 -9999 -9999 -9999 -9999 -9999 -9999 939.470738691494 -9999 -9999 -9999 -9999 -9999 -9999 -9999 -9999 -9999 -9999 -9999 955.142367092025 -9999 -9999 -9999 -9999 -9999 -9999 974.878207588304 977.983283385786 981.157235600754 984.396647896656 987.69726989863 991.054140466593 994.461706871816 997.913935949447 1001.40441539522 1004.92644472925 1008.47311629512 1012.03738715973 1015.61214304303 1019.19025551362 1022.76463369267 1026.32827164938 1029.87429257297 1033.39599068476 -9999 1040.34069267161 1043.75150134395
-9999 -9999 1581.0192697897 1579.31698431137 1553.21328368387 1509.17691070957 1456.39574650955 1400.60331761333 1344.26926294944 1288.27924654478 1233.22426232384 1180.50187364647 1133.33341648338 1096.20668248473 -9999 -9999 -9999 -9999 -9999 -9999 -9999 -9999 -9999 -9999 -9999 953.129181703835 950.024920417797 -9999 -9999 -9999 -9999 -9999 -9999 -9999 -9999 -9999 -9999 960.281541023538 -9999 -9999 -9999 -9999 -9999 -9999 978.099335936088 980.973433978545 983.921287155614 986.93870807259 990.020938789645 993.162713576739 996.35833046335 999.601725250331 1002.88654408683 1006.20621239965 1009.55399910606 1012.92307579904 1016.30657107783 1019.69762048843 1023.08941269611 1026.47523257726 1029.84850191981 1033.202818382 1036.5319932911 1039.83008877929 -9999
-9999 -9999 1531.24426940064 1526.30272905609 1505.83675741604 1472.35804490032 1430.37365250441 1383.83153877646 1335.32499116683 1286.47504631324 -9999 1193.28049337605 1152.65969223196 1118.81303019703 -9999 -9999 -9999 -9999 -9999 -9999 -9999 -9999 -9999 -9999 -9999 965.738529471091 -9999 -9999 -9999 -9999 -9999 -9999 -9999 -9999 -9999 -9999 963.604545246601 -9999 -9999 -9999 -9999 -9999 -9999 -9999 981.287485231003 983.930006676748 986.652227469344 989.449065076594 -9999 995.244717652557 998.23187070212 1001.27038345586 1004.35386361503 1007.47577554668 1010.62948701885 1013.8083146909 1017.00556772964 1020.21458934662 1023.42879632591 1026.64171677573 1029.84702642368 1033.03858380546 1036.21046468791 -9999 1042.47278974165
