geoinfo/density_kriging.asc
NCOLS 903 
NROWS 364 
XLLCORNER 442850 
YLLCORNER 4085850 
CELLSIZE 100 
NODATA_value -9999 
[rows 174 to 202 of 364, columns 585 to 649 of 903]
758.70019408783 760.772281514674 762.591062376408 764.028846464151 -9999 -9999 -9999 -9999 770.67863149661 774.680328614127 780.882328535951 789.903032931968 -9999 818.590359464738 839.094100206682 864.122124620523 894.047491748765 929.489833870106 971.22294998416 1019.51340274766 1073.41187132297 1129.77699673254 1179.18041975471 -9999 -9999 -9999 1104.19297402554 1065.16318939256 1030.35831634033 -9999 973.274197872848 950.338246753068 930.683363550846 913.993130661273 899.961308927511 888.282928704136 878.653349362025 870.774099703673 864.362575919665 859.167283425278 855.005959648002 851.891502673928 850.41072151041 852.131647403054 857.878476207374 866.060557349911 -9999 884.644700742276 894.320109965748 -9999 -9999 -9999 -9999 945.266071649781 956.033535075273 -9999 -9999 -9999 -9999 -9999 -9999 -9999 -9999 -9999 -9999
743.581719967903 746.578357356133 748.98363088684 750.575853035452 -9999 -9999 -9999 751.004878908285 751.699674133791 753.862685182915 758.226557365883 765.532523105504 -9999 791.462603486576 810.791397111936 834.404823551519 862.231202288355 894.653446161093 932.843962598579 976.764580456029 1023.19806544662 -9999 -9999 -9999 -9999 -9999 1063.83625031373 1034.18639139741 1005.712454448 979.56763592274 956.172433839325 935.629489240978 917.897199356437 902.852753947691 890.311720466784 880.04006402972 871.773778244031 865.245757958916 860.214561822727 856.4960411911 854.010925117724 852.869624734302 853.472954360705 856.402463250738 861.838656794029 869.227692027662 -9999 887.092789738729 896.804361955134 -9999 -9999 -9999 938.400124662979 -9999 960.630614906253 -9999 -9999 -9999 -9999 -9999 -9999 -9999 -9999 -9999 -9999
728.765917073144 732.979712403446 736.165556163054 737.94723751584 -9999 -9999 735.254800330192 733.130362599592 731.505503994388 731.174564892504 733.014117288169 737.957436781598 746.875728632863 760.35681100432 778.474326031495 800.703328041333 826.080023549214 853.933662632614 887.462101388904 929.470164602447 971.379234117258 1007.96436716753 1035.24205694657 1049.59652727479 -9999 -9999 1020.49133759157 998.863382103524 976.522876556326 954.990849322058 935.107606547767 917.328349704465 901.885890412587 888.857678933769 878.186488109415 869.701624927571 863.162785201034 858.315912414243 854.941536835939 852.890545332662 852.115053942558 852.696396887693 854.839390731092 858.762592985329 864.491241660601 871.765633141993 880.188618331894 889.410819015844 899.195331928945 909.400534010486 -9999 930.792371746768 941.916824778783 -9999 964.987395173078 976.946205997664 -9999 -9999 -9999 -9999 -9999 1055.81799409509 -9999 -9999 -9999
714.449887769886 720.323566801245 724.627954353533 -9999 -9999 -9999 -9999 714.962591853272 -9999 706.825425103635 705.329542547881 707.110819863197 713.457293493664 725.305290405071 742.697307918794 764.534377594881 788.724330276272 811.863359664655 833.590895228447 883.559943760225 922.770224150108 954.625476058677 977.917745573429 -9999 -9999 -9999 977.265795332016 961.819030606458 944.73250923714 927.471016454852 -9999 896.06019997093 883.046437542072 872.257413983498 863.755592803048 857.397910416641 852.91917583114 850.039458491284 848.535378471206 848.269027629507 849.194512211501 851.351394516279 854.83430573098 859.724564242915 866.006216487595 873.533343656018 882.07934376544 -9999 901.356732940032 911.775165176005 -9999 933.742515082697 -9999 -9999 969.068808463006 -9999 -9999 -9999 1020.66395016496 1034.49029761993 1048.74672557307 -9999 1078.70035933877 1094.48220538096 1110.86299151047
700.773536737823 708.980568573719 -9999 -9999 -9999 -9999 -9999 696.869969471351 688.706027546012 -9999 675.366538465703 -9999 675.747500260029 685.908297934774 703.64368802905 727.13163002601 753.402769909735 779.983202201672 809.643423888808 846.297610699415 880.18240602362 907.800506192856 -9999 -9999 -9999 942.93432988862 935.541523173558 924.63425540847 911.757089320105 898.149436321527 884.772891131693 872.409343232897 861.734220430289 853.263911301816 847.185132771609 843.29902516959 841.211681058605 840.558637203658 841.095283468572 842.693225985152 845.312681702674 848.973934622544 853.724278753964 859.596527160742 866.570204303119 874.5574251246 883.422008080743 -9999 903.203262698246 913.882981697792 -9999 -9999 -9999 -9999 -9999 -9999 -9999 -9999 1026.15146293355 1040.45853543851 1055.21983974597 1070.47461108804 -9999 1102.64410696399 1119.65994195976
687.670390249918 699.234667265132 708.116788383211 -9999 -9999 -9999 -9999 679.204989282355 667.043131792593 -9999 643.670594360652 635.122422097821 -9999 640.929300790641 660.852963152459 688.921833173294 720.16724810469 751.702339374427 783.362628901727 814.89178554291 843.576193182336 867.138680494148 -9999 -9999 -9999 -9999 895.815940270395 888.163379446676 878.54697623751 867.922672244442 857.107124098393 846.892946202509 838.197329489102 831.972397301882 828.612316129456 827.641498916846 828.314155207514 830.123260303438 832.824831408653 836.330086172951 840.629886878565 845.753019329238 851.737833319687 858.607633884557 866.351807640181 874.919637231542 884.229192842341 894.185069415047 -9999 915.682896317012 -9999 -9999 951.004180103597 -9999 976.28716910611 -9999 -9999 1016.84530283119 1031.14112363963 1045.8728055971 1061.07666966184 -9999 -9999 -9999 1127.51891111473
674.54639286921 690.898268126148 705.023328383717 711.05829198845 -9999 -9999 -9999 662.188389514872 646.147113676991 629.341634097068 -9999 594.550570247404 582.858106718127 -9999 613.520619265305 650.776673432829 689.310618050469 725.327980980228 758.049774946323 787.202727936422 812.060254373168 831.902497293837 -9999 -9999 -9999 -9999 -9999 -9999 -9999 837.520120295706 828.75944967558 820.054827294954 812.52572107058 808.205597997606 808.164691439565 810.837352952452 814.674948955138 819.109356979387 824.018151174294 829.415756231546 835.354460816627 841.892770425904 849.080779155757 856.949484566472 -9999 874.719148283531 884.550905000667 894.940528188665 905.828093077514 -9999 928.89268194384 940.995455162896 -9999 -9999 979.380758951551 -9999 -9999 1020.95919122152 1035.61153221028 1050.70961043903 1066.29100359709 1082.39861739381 -9999 -9999 -9999
659.784133609007 682.045217989576 706.37364755211 719.712646710808 705.181724632873 -9999 -9999 645.782034040934 626.957610385726 606.521161032353 -9999 -9999 524.315955638323 518.074079189685 562.867735597109 616.674170726659 663.928864422259 703.8350544012 737.032118571737 764.083640664821 785.415120220608 801.46295374669 -9999 -9999 -9999 -9999 -9999 -9999 -9999 -9999 -9999 792.874674248863 784.803997862621 780.975492303862 786.326457064223 793.789269786149 801.002516154081 808.010792161066 815.026695171089 -9999 -9999 -9999 -9999 -9999 -9999 -9999 884.454478600814 895.319741893341 906.619185099075 -9999 930.391107489073 942.814881356676 955.57811956081 968.676704067431 982.114062481126 -9999 -9999 -9999 1039.54845507312 1054.95314544747 1070.84505321413 1087.26795019479 1104.2713156587 -9999 -9999
640.754150087496 666.709319590303 702.600885087829 757.745214498874 698.951564023742 -9999 -9999 629.738612002528 610.384503938063 588.913031708101 -9999 528.279827372779 473.989051014867 405.188030319902 526.389001046915 596.105133041923 -9999 690.409801890826 722.675871503049 746.707592917776 763.761179182346 775.287229046233 782.643945946769 -9999 -9999 -9999 -9999 -9999 -9999 -9999 -9999 767.566944897192 758.394308015544 746.217257213259 766.37200532617 778.250944135434 788.186981057428 797.342111946101 -9999 -9999 -9999 -9999 -9999 -9999 -9999 -9999 884.014248323145 895.3738674985 907.101669440171 -9999 931.594338435634 -9999 -9999 -9999 984.484238916022 -9999 -9999 -9999 1042.9452069552 1058.59576307174 1074.73003706672 1091.39188604656 1108.63079758999 -9999 -9999
-9999 639.26384977441 666.086237828846 682.515483823566 668.161297692467 648.224443911423 630.517073143071 -9999 596.936505518467 577.878090390423 -9999 -9999 493.289229014128 484.779786607043 537.697049043667 596.962209307281 647.14173650724 687.217879030933 716.692412639766 -9999 747.073199925159 752.660597007278 755.047058165961 -9999 -9999 -9999 -9999 -9999 -9999 -9999 -9999 -9999 -9999 743.503254891722 753.734319327767 765.610591719808 -9999 -9999 -9999 -9999 -9999 -9999 -9999 -9999 -9999 -9999 883.305958439937 895.160312021054 907.317475122412 919.773021273708 -9999 -9999 -9999 -9999 -9999 -9999 -9999 -9999 1045.80277831012 1061.63817588878 -9999 1094.77078611643 1112.15949957014 -9999 -9999
-9999 -9999 621.41160457768 631.106284130519 629.153425281497 620.51716663171 610.012965291152 -9999 586.510568666152 572.598819773222 556.900592431748 -9999 529.488529884383 536.472618035495 568.435887798923 612.840803501053 657.31153384861 694.837497687516 720.358127181824 732.46771964059 734.782443510176 732.310543352972 728.47194677728 -9999 -9999 -9999 -9999 -9999 -9999 -9999 -9999 -9999 -9999 -9999 -9999 -9999 -9999 -9999 -9999 -9999 -9999 -9999 -9999 -9999 -9999 -9999 -9999 894.738747565017 907.313497120186 920.133840518162 -9999 -9999 -9999 -9999 -9999 -9999 -9999 -9999 -9999 1064.08938113942 -9999 1097.41558837919 1114.86984151673 1132.91830857864 1151.61814982586
553.997391124968 567.768041614749 580.388109885127 589.255317068908 592.914314879826 592.418351017746 589.465662687716 -9999 578.624994289275 570.990847146102 562.798720238356 556.36529770758 -9999 568.187960356116 594.767429069804 632.343924948742 674.558511234787 713.129565720149 735.643372699004 736.284897473641 725.069211410568 711.892855065391 700.753848151067 -9999 -9999 -9999 -9999 -9999 -9999 -9999 -9999 -9999 -9999 -9999 -9999 -9999 -9999 -9999 -9999 -9999 -9999 -9999 -9999 -9999 -9999 -9999 -9999 -9999 907.13888759347 920.302754441676 -9999 -9999 -9999 -9999 -9999 -9999 -9999 1034.31252437405 -9999 -9999 -9999 -9999 1116.78609040807 1134.78506716338 1153.39633026251
521.186255591489 531.616688771549 542.10794627235 551.696523294175 559.671263184543 565.857477368657 570.245650565324 572.649651154025 572.904115609464 571.349962386995 569.256873594037 569.034353712447 574.078186547602 -9999 -9999 647.331478591606 691.756906871717 741.679471464992 768.892546996782 -9999 -9999 -9999 -9999 -9999 -9999 -9999 -9999 -9999 -9999 -9999 -9999 -9999 -9999 -9999 -9999 -9999 -9999 -9999 -9999 -9999 -9999 -9999 -9999 -9999 -9999 -9999 -9999 -9999 906.843252283637 920.321889839694 933.962853151781 -9999 -9999 976.041807133075 990.517042073171 1005.25177342306 -9999 1035.59675973635 1051.26104674123 -9999 -9999 -9999 -9999 -9999 1154.23646664663
-9999 495.643872421733 504.819488008524 515.741457237988 528.080801055389 540.943321375036 552.995152492328 562.820786161658 569.474951974963 573.073652109443 575.0556995648 577.91295226095 584.588455407646 597.790313201694 619.487861932608 651.135859221069 695.285046990706 761.27229590688 844.808288115504 -9999 -9999 -9999 -9999 -9999 -9999 -9999 -9999 -9999 -9999 -9999 -9999 -9999 -9999 -9999 -9999 -9999 -9999 -9999 -9999 -9999 -9999 -9999 -9999 -9999 -9999 -9999 -9999 892.812409327588 -9999 920.233987072771 934.111767736235 -9999 -9999 -9999 991.258121545096 1006.06444344576 -9999 1036.46699842354 1052.11586124565 1068.10087163817 -9999 -9999 -9999 -9999 1154.20012045352
-9999 459.073552712034 466.675202442578 479.079934225055 496.479373869893 517.149842559405 538.125229030891 556.26103024959 569.227937563384 576.624010528079 580.317192038272 583.40526996272 588.93614823013 599.286987215092 616.07680324644 640.402018924279 673.137567957453 712.654346255155 -9999 -9999 -9999 -9999 -9999 -9999 -9999 -9999 -9999 -9999 -9999 -9999 -9999 -9999 -9999 -9999 -9999 -9999 -9999 -9999 -9999 -9999 -9999 -9999 -9999 -9999 -9999 -9999 -9999 892.134323935669 906.082724093345 920.081364044792 -9999 -9999 -9999 -9999 -9999 -9999 -9999 -9999 -9999 1068.42554099043 -9999 -9999 -9999 -9999 -9999
-9999 -9999 425.529628748798 438.93605171796 462.805222765039 493.749129472284 526.210953547932 554.622446146175 574.120540549424 583.301666161952 585.644045972129 586.076845208971 588.147722439345 593.825957784385 603.952593629439 618.383651705626 635.373127388607 649.041699813174 -9999 -9999 -9999 -9999 -9999 -9999 -9999 -9999 -9999 -9999 -9999 -9999 -9999 -9999 -9999 -9999 -9999 -9999 -9999 -9999 -9999 -9999 -9999 -9999 -9999 -9999 -9999 -9999 -9999 891.523175090025 905.710128332422 -9999 934.13877464491 -9999 -9999 977.349230838231 992.00818591278 -9999 -9999 -9999 -9999 1068.3079029115 1084.33569774118 -9999 -9999 -9999 -9999
-9999 -9999 -9999 391.05993182379 424.5294273583 470.107740271244 517.961622929287 560.678133185003 -9999 594.817493705029 591.100950086364 585.937697222464 582.942903945707 583.087893855554 586.188047242874 591.108650098548 595.343957677989 594.396946304726 582.700579713788 -9999 -9999 -9999 -9999 -9999 -9999 -9999 -9999 -9999 -9999 -9999 -9999 -9999 -9999 -9999 -9999 -9999 -9999 -9999 -9999 -9999 -9999 -9999 -9999 -9999 -9999 -9999 -9999 891.024712051783 -9999 -9999 -9999 -9999 962.911068284559 977.43929983685 992.080388937721 1006.8583929743 -9999 -9999 -9999 1067.79186981968 1083.58747406836 -9999 -9999 -9999 -9999
-9999 343.977111177929 324.059244882847 326.69786958646 380.61059914905 446.758999559271 512.60582029324 -9999 618.862464027419 610.928503604037 -9999 581.725774257676 573.502339656643 -9999 565.525348387024 562.875775790524 558.195601419461 548.40385752854 530.484551572074 502.953085135597 466.439465773354 422.75332055838 -9999 -9999 -9999 -9999 -9999 -9999 -9999 -9999 -9999 -9999 -9999 -9999 -9999 -9999 -9999 -9999 -9999 -9999 -9999 -9999 -9999 -9999 -9999 -9999 -9999 -9999 905.19108007012 -9999 -9999 -9999 962.908533587249 977.410226712344 991.994204768547 1006.68400274545 -9999 -9999 -9999 -9999 1082.44708112944 1098.18844747327 -9999 -9999 -9999
-9999 -9999 278.354156980374 218.289232703974 345.912309706089 427.680337021603 503.485207419119 588.797392922991 687.44953379619 615.826441584671 587.959044233691 571.147175681691 -9999 -9999 -9999 535.945928309271 525.458671401498 510.200920071919 488.194806743505 458.169218585962 419.488649456215 370.772931773749 304.653082576 224.195789344108 325.400169869886 -9999 -9999 -9999 -9999 -9999 -9999 -9999 -9999 -9999 -9999 -9999 -9999 -9999 -9999 -9999 -9999 -9999 -9999 -9999 -9999 -9999 -9999 -9999 905.118777649191 919.612855546744 934.046290547456 -9999 962.85838194952 -9999 991.782129782934 -9999 -9999 -9999 -9999 -9999 1080.96682021633 1096.35536856505 -9999 -9999 -9999
-9999 -9999 292.610684540328 293.315142071097 349.249730638464 416.953527889659 483.917763745208 549.405316151533 591.308023513938 584.309947303203 567.404599180712 553.359567516601 542.033847552956 532.18276106642 -9999 -9999 497.662790767504 479.36599539033 455.234665147278 424.39623193457 386.612428404615 342.296889196751 294.560972718189 272.729997288514 311.443690851835 -9999 -9999 450.804477591879 -9999 -9999 -9999 -9999 -9999 -9999 -9999 -9999 -9999 -9999 -9999 -9999 -9999 797.748181275047 814.116300717426 830.043218828022 -9999 -9999 875.82270371299 890.599665445493 905.213877549087 919.705571553196 934.110970799576 -9999 -9999 -9999 -9999 1005.87913856683 -9999 -9999 -9999 -9999 1079.19877001403 1094.206969835 1109.34435831975 -9999 -9999
-9999 324.455671768509 318.520788878476 329.491599255511 363.66448117869 411.088667019485 461.17561245804 506.088076520346 535.165711524538 -9999 538.983869842604 530.945322935801 522.056045508691 512.732702790068 -9999 -9999 -9999 455.605816565715 430.995346041556 400.797487784827 365.677997587751 328.666848844933 298.205153873454 290.281865434276 312.988399035214 -9999 397.830880946217 441.01395717745 -9999 -9999 -9999 -9999 -9999 -9999 -9999 -9999 -9999 -9999 -9999 -9999 780.774827651225 797.799972360716 814.275939896949 830.282551471056 845.890643123299 861.163300934442 876.156832360136 890.921555047251 905.502458895276 919.939776186226 934.269479218287 -9999 -9999 976.91741687994 991.105095017308 1005.31415072627 -9999 -9999 -9999 -9999 1077.19374611268 1091.79987604052 -9999 -9999 1136.08351896658
-9999 335.395397865723 335.950253526321 347.677865413523 372.218706801431 405.717125125793 441.851244826184 474.261325477138 497.299133196439 -9999 -9999 507.845233007623 501.950205719364 494.217968596108 -9999 472.783311787956 457.745528419153 438.674650599093 -9999 385.966830905099 352.800576679685 318.470046673423 291.361081798027 286.106754657354 309.366057079943 -9999 394.413201504064 438.098562156108 -9999 -9999 -9999 -9999 -9999 -9999 -9999 -9999 -9999 -9999 -9999 763.890221407497 -9999 798.628578292679 815.101776357013 -9999 -9999 861.891902882976 876.824838376947 891.514544773126 906.005408393644 920.336879287293 934.543998515685 -9999 962.705889060022 -9999 990.698240938702 1004.68184081291 1018.67846799251 -9999 1046.75791802586 1060.85681231786 1075.00042346288 1089.18809386853 -9999 -9999 -9999
347.581949602205 344.115230828764 346.403785667897 356.627900878948 375.159860773462 399.781325988934 -9999 451.157870460184 470.097623891691 481.773360626867 -9999 -9999 483.54587655913 477.805305562949 -9999 459.41022585564 445.845010746026 428.424335451297 406.467053015267 379.496752441712 347.396859326076 310.776815873805 273.705578672076 262.277926301954 300.19521277963 349.90511993558 -9999 -9999 -9999 -9999 -9999 -9999 -9999 -9999 -9999 -9999 -9999 -9999 -9999 -9999 -9999 -9999 -9999 -9999 -9999 -9999 877.840024566592 892.392894413047 906.738112206473 920.91354147945 934.952610486256 948.884748979434 -9999 -9999 990.280788721169 1004.01030989084 1017.72980561979 -9999 -9999 -9999 1072.6646310878 1086.42225457171 1100.17963114359 -9999 -9999
353.391969573069 350.151517117247 351.905508777726 359.972663091053 374.377256465901 393.480135135195 414.459030580131 434.229218291416 450.304357573954 461.378454229692 467.422178106817 -9999 -9999 464.225538041512 458.447224085794 -9999 439.359429036661 424.763518259183 405.889167527607 382.093068986524 352.532024137046 315.215306059844 262.452566814398 203.893909851656 301.67294538128 -9999 -9999 -9999 -9999 -9999 -9999 -9999 -9999 -9999 -9999 -9999 -9999 -9999 -9999 -9999 -9999 -9999 -9999 -9999 -9999 -9999 -9999 893.564295421397 907.710276950897 921.68149599377 935.509103904526 949.220333841591 962.838825750258 -9999 989.875601612078 1003.3250653347 1016.74428829266 -9999 -9999 -9999 1070.22881812718 1083.54906018695 1096.83390185275 1110.06756450413 1123.22856537798
358.517612955249 353.849726601096 353.69638748233 359.413420403188 371.094080288738 387.164713424808 405.034221697151 -9999 436.322068719427 446.641878968157 452.851210808736 455.481493423781 -9999 -9999 -9999 -9999 438.190674197815 427.499731186553 412.956079211152 394.111621149109 370.546661464092 341.847585445429 309.893360524245 300.513754122277 340.570161486089 -9999 -9999 -9999 -9999 -9999 -9999 -9999 -9999 -9999 -9999 -9999 -9999 -9999 -9999 -9999 -9999 -9999 -9999 -9999 -9999 -9999 -9999 -9999 -9999 922.647499704327 936.222897866422 949.676621286221 963.029755269898 -9999 989.50257553259 1002.64876651083 1015.7474612536 -9999 -9999 -9999 -9999 -9999 1093.4239422034 1106.15293127813 1118.77457616147
363.348273854569 355.733390597823 352.303440011437 355.458044907321 365.853274071069 381.236369551832 398.263894804269 -9999 427.520900752868 437.155089500118 442.987036173236 445.539682454785 446.028735031282 445.94961068697 -9999 -9999 -9999 436.244326739924 426.969782784908 414.348170708359 398.895642442277 382.311740108781 369.733332349074 371.944914990866 394.236585340173 427.231016003965 -9999 -9999 -9999 -9999 -9999 -9999 -9999 -9999 -9999 -9999 -9999 -9999 -9999 -9999 -9999 -9999 -9999 -9999 -9999 -9999 -9999 -9999 -9999 -9999 937.099085341819 950.261761909876 963.3196224492 -9999 989.178517242432 1002.0010689399 1014.76186370278 1027.46432123515 -9999 -9999 -9999 -9999 -9999 1102.22393982532 1114.32046439551
368.907823036814 356.673927906452 347.625439431896 347.365478416477 358.793495505087 376.50848608827 394.815345829643 -9999 423.952219875125 433.00552493238 438.033892533282 439.476471490813 -9999 -9999 -9999 -9999 -9999 450.518281118095 446.845996532712 440.638000042494 432.993770137184 426.034627471586 423.421963738157 429.528777762735 445.986301011267 -9999 -9999 -9999 -9999 -9999 -9999 -9999 -9999 -9999 -9999 -9999 -9999 -9999 -9999 -9999 -9999 -9999 -9999 -9999 -9999 -9999 -9999 -9999 -9999 -9999 938.138596249144 950.980139112512 963.716054158982 -9999 988.917115577387 1001.39856224463 1013.80694048301 1026.14346712268 -9999 -9999 -9999 -9999 -9999 1098.31898518358 1109.90678032789
377.187229935958 359.07650484313 339.603081973661 331.651486432809 350.88572618619 375.23496202948 396.233288939809 -9999 426.103280806153 434.714877678057 438.800002517464 438.158866299798 -9999 -9999 -9999 -9999 -9999 -9999 471.545261113853 471.08781760432 469.836484285812 -9999 472.676450626661 480.842173128669 494.453186823647 -9999 -9999 -9999 -9999 -9999 -9999 -9999 -9999 -9999 -9999 -9999 -9999 -9999 -9999 -9999 -9999 -9999 -9999 -9999 -9999 -9999 -9999 -9999 -9999 926.72952506558 939.338473874645 951.832577538653 964.223361564199 976.519936616426 988.728999246102 1000.8547946837 1012.89904232887 1024.8608241343 -9999 -9999 -9999 -9999 -9999 -9999 -9999
391.026553201934 369.12988899595 338.178262139129 292.118428584391 351.76602776392 382.321789470738 404.641419168616 -9999 434.512095408661 442.940764498377 446.698700340005 444.816537215917 434.279648045099 -9999 -9999 -9999 -9999 -9999 -9999 504.517630485066 508.126191987643 512.481839528134 -9999 529.350406155749 540.317869106526 -9999 -9999 -9999 -9999 -9999 -9999 -9999 -9999 -9999 -9999 -9999 -9999 -9999 -9999 -9999 -9999 -9999 -9999 -9999 -9999 -9999 -9999 -9999 -9999 928.461661537096 940.692253414966 952.816643104481 964.842774210185 976.776568652979 -9999 1000.38037496807 1012.05150452108 1023.63229497091 -9999 -9999 -9999 -9999 -9999 1090.70704816513 1101.33190787728
