geoinfo/density_kriging.asc
NCOLS 903 
NROWS 364 
XLLCORNER 442850 
YLLCORNER 4085850 
CELLSIZE 100 
NODATA_value -9999 
[rows 87 to 115 of 364, columns 455 to 519 of 903]
-9999 -9999 -9999 -9999 -9999 -9999 -9999 -9999 -9999 -9999 -9999 -9999 -9999 -9999 -9999 -9999 -9999 -9999 -9999 -9999 -9999 -9999 -9999 -9999 -9999 -9999 -9999 -9999 -9999 -9999 -9999 -9999 894.168091811027 894.323560610716 894.579977765596 894.939398602506 895.403909466567 895.975606679711 -9999 -9999 898.354059870288 -9999 -9999 -9999 -9999 -9999 -9999 -9999 -9999 -9999 -9999 -9999 -9999 -9999 -9999 -9999 -9999 930.403709500096 932.990099856458 935.589563132453 938.186488347129 940.764506665222 943.306670210127 945.795663873708 948.214049002572
-9999 -9999 -9999 -9999 -9999 -9999 -9999 -9999 -9999 -9999 910.605422728996 -9999 -9999 906.511005997885 -9999 -9999 -9999 -9999 -9999 -9999 -9999 -9999 -9999 -9999 -9999 -9999 -9999 -9999 -9999 -9999 -9999 -9999 892.836149670226 892.983215355075 893.234724364845 893.592936628705 894.060212860095 -9999 -9999 -9999 -9999 -9999 -9999 -9999 -9999 -9999 -9999 -9999 -9999 -9999 -9999 -9999 -9999 -9999 -9999 -9999 -9999 -9999 -9999 936.324462315 939.103841327386 941.865678496369 944.591197604323 947.261115052929 949.855913785471
-9999 -9999 -9999 -9999 919.256100247439 917.645627504399 916.07047074017 914.526873238914 913.011921361838 911.523664303438 910.061199676098 908.624720310031 907.215518460483 905.835945229929 904.489325435393 -9999 -9999 -9999 -9999 -9999 -9999 -9999 -9999 -9999 -9999 -9999 -9999 -9999 -9999 -9999 -9999 -9999 891.413074102904 891.549838985733 891.794352763398 892.149081102731 892.61667968502 893.199969647907 893.901889610685 894.725426340321 -9999 -9999 -9999 -9999 -9999 -9999 -9999 -9999 -9999 -9999 -9999 -9999 -9999 -9999 -9999 -9999 -9999 -9999 -9999 937.039603030324 940.016927160103 942.978814707721 945.904454673489 948.772350379117 951.560625603322
-9999 -9999 -9999 -9999 -9999 -9999 -9999 -9999 912.499723609766 -9999 -9999 908.004303473933 906.549978746406 905.121171448291 903.721773068723 902.356694659343 901.031662432319 899.752980415027 -9999 -9999 -9999 -9999 -9999 -9999 -9999 -9999 -9999 -9999 -9999 -9999 -9999 -9999 889.896488079223 890.020976262099 890.256235263247 890.604935347414 891.070050041077 891.654828162391 892.362737338309 893.197381881195 -9999 -9999 -9999 -9999 -9999 -9999 -9999 -9999 -9999 -9999 -9999 -9999 -9999 -9999 -9999 -9999 -9999 -9999 -9999 -9999 940.920951218422 944.100783199479 947.245144737254 950.330054565174 953.330959008631
-9999 -9999 -9999 -9999 -9999 -9999 915.105355333231 913.518541228264 911.952016366546 910.402640640878 -9999 -9999 -9999 -9999 -9999 -9999 -9999 -9999 -9999 -9999 -9999 -9999 -9999 -9999 -9999 -9999 -9999 -9999 -9999 -9999 -9999 -9999 888.284373140704 888.39456015514 888.618137376389 888.957976661648 889.417395908594 890.000125707038 890.710241449023 -9999 -9999 -9999 -9999 -9999 -9999 -9999 -9999 -9999 -9999 -9999 -9999 -9999 -9999 -9999 -9999 -9999 -9999 -9999 -9999 -9999 -9999 945.227399866289 948.611124891754 951.934316259133 955.169384070087
924.868304041954 923.0218248675 921.239955168355 919.512408529686 917.829262185416 916.181269630554 914.560151671625 912.958864001514 911.371837301199 909.795182634694 908.226851264224 906.666735082415 905.116692876729 903.580489639646 902.063641561998 -9999 -9999 -9999 -9999 -9999 -9999 -9999 -9999 -9999 -9999 -9999 -9999 -9999 -9999 -9999 -9999 -9999 886.575192802424 886.669042978133 886.878350781079 887.206185764584 887.656242464738 888.232798732443 888.940632458428 -9999 -9999 -9999 -9999 -9999 -9999 -9999 -9999 -9999 -9999 -9999 -9999 -9999 -9999 -9999 -9999 -9999 -9999 -9999 935.341358647001 938.996885417321 942.676307513198 946.353171042411 949.999162317364 953.584410550425 957.077888605784
924.260258889389 922.417383358367 920.642032601692 918.921751776011 917.244568637162 915.599342592539 913.976091501759 912.3662971521 910.763187170554 909.16198578813 907.560119403629 905.9573570472 904.355862718372 902.760138047896 901.176840794502 899.614476910162 898.082979335551 896.593202252597 895.156371881974 -9999 -9999 -9999 -9999 -9999 -9999 -9999 -9999 -9999 -9999 -9999 -9999 -9999 884.768047509611 884.843559226679 -9999 885.348204631678 885.78471486441 886.35029354818 887.050536377095 887.891582160467 -9999 -9999 -9999 -9999 -9999 -9999 -9999 -9999 -9999 -9999 -9999 -9999 -9999 -9999 -9999 -9999 -9999 931.773367802175 935.634332751597 939.555671462365 943.51088767623 947.470977301869 951.404627212327 955.278516479495 959.057737971537
923.54971531744 921.723115753052 919.966756389594 918.265689900922 916.605593782404 914.973153332654 913.356422132886 911.745166306461 910.131194348064 908.508665852859 906.874361463044 905.22788547502 903.571765349005 901.911412255086 -9999 898.612664405408 -9999 895.420583410119 -9999 -9999 -9999 -9999 -9999 -9999 -9999 -9999 -9999 -9999 -9999 -9999 -9999 -9999 882.862868993609 882.918127295362 883.090526975412 883.383527987067 883.801714687384 884.350722943195 885.037108095328 885.868163434595 886.85169951814 -9999 -9999 -9999 -9999 -9999 -9999 -9999 -9999 -9999 -9999 -9999 -9999 -9999 -9999 -9999 -9999 -9999 -9999 940.047250269148 944.302215672221 948.571686435223 952.821106541538 957.01335061921 961.109151461668
-9999 -9999 919.211178346366 917.543347834527 915.913369299472 914.305450713505 912.705391943554 911.100964236032 909.482292576832 907.842237941606 -9999 904.485207525415 -9999 -9999 -9999 897.569113058294 -9999 -9999 -9999 -9999 -9999 -9999 -9999 -9999 -9999 -9999 -9999 -9999 -9999 -9999 -9999 -9999 880.860663670687 880.893898661634 881.043367183192 881.31273443289 881.707130662553 882.233051288771 882.898187360611 -9999 -9999 -9999 -9999 -9999 -9999 -9999 -9999 -9999 -9999 -9999 -9999 -9999 -9999 -9999 -9999 -9999 -9999 -9999 -9999 -9999 945.036258067761 949.643681829749 954.239919474604 958.78369260647 -9999
-9999 920.04442547751 918.372597585924 916.754336254317 915.16963014992 913.599893579541 912.028361664763 910.44049286995 908.824403991481 907.171343938697 -9999 -9999 901.959717588969 900.149569875515 -9999 -9999 894.66580783612 892.881035845848 -9999 -9999 -9999 -9999 -9999 -9999 -9999 -9999 -9999 -9999 -9999 -9999 -9999 -9999 -9999 878.773464708974 878.896815225135 879.137763895748 -9999 -9999 -9999 -9999 -9999 -9999 -9999 -9999 -9999 -9999 -9999 -9999 -9999 -9999 -9999 -9999 -9999 -9999 -9999 -9999 -9999 -9999 -9999 -9999 -9999 -9999 955.649511952595 960.581772292927 965.419560243108
-9999 -9999 917.4486510091 915.898833321938 914.376884888455 912.861117070177 911.331883595198 -9999 -9999 -9999 -9999 902.99639351881 901.14878514339 899.250012904943 897.314930209007 895.363239443876 893.418303968282 891.505564778261 889.650759158213 -9999 -9999 -9999 -9999 -9999 -9999 -9999 -9999 -9999 -9999 -9999 -9999 -9999 876.576471541063 876.561233045601 876.655099973593 876.862248690742 877.189245784547 -9999 -9999 -9999 -9999 -9999 -9999 -9999 -9999 -9999 -9999 -9999 -9999 -9999 -9999 -9999 -9999 -9999 -9999 -9999 -9999 -9999 -9999 -9999 -9999 -9999 957.034704809239 962.396481154641 967.669060562853
-9999 -9999 -9999 914.977667565141 913.538459820567 912.094748285319 -9999 909.105121996795 -9999 -9999 -9999 902.273775586908 900.34941266576 898.349849281007 896.293316425702 894.204513122571 892.113022923515 890.051119740724 888.051277487581 886.143750245989 -9999 -9999 -9999 -9999 -9999 -9999 -9999 -9999 -9999 -9999 874.690390498372 874.446600035556 874.304999247126 874.263886861283 874.324673535073 874.491905960405 874.773134668541 875.178649825321 875.72111051649 -9999 -9999 -9999 -9999 -9999 -9999 -9999 886.900839684521 -9999 -9999 -9999 -9999 -9999 -9999 -9999 -9999 -9999 -9999 -9999 -9999 -9999 -9999 952.521149776176 958.375768337883 964.212363432815 969.969316695971
-9999 -9999 -9999 913.992404331391 912.658501140912 911.307335685933 -9999 -9999 -9999 -9999 -9999 -9999 899.576181400812 897.46074691556 895.262017070682 893.011168472833 890.746063612377 888.508136726889 886.338836414148 884.276219281933 -9999 -9999 -9999 -9999 -9999 -9999 -9999 -9999 -9999 872.718589695488 872.367645674234 872.116527315074 871.958580422907 871.890942386986 871.914727479819 872.034999428779 872.260561249045 872.603593738089 873.079174481115 -9999 -9999 -9999 -9999 -9999 -9999 881.714246882606 883.938859291503 886.461288704239 -9999 -9999 -9999 -9999 -9999 -9999 -9999 -9999 -9999 -9999 -9999 -9999 946.996368528509 -9999 -9999 -9999 972.305018442814
-9999 -9999 -9999 -9999 -9999 910.506142330485 909.208558109638 907.821931973144 906.321559315034 904.686129706168 -9999 -9999 898.847423988945 896.597507361127 894.230212098631 891.785207037066 889.311563815592 886.863208346096 884.493713970388 882.251426425756 880.175701448939 -9999 876.62451449734 875.170174765521 873.926862105068 872.88224762895 872.018833273668 871.316297597903 870.753634120783 -9999 869.971084536945 869.720417582584 869.549917198394 869.455420638655 869.437804871149 869.502878190857 869.661061811395 869.92690068958 -9999 -9999 -9999 -9999 -9999 -9999 876.57112616487 878.484312688495 880.703757614331 883.24626921963 886.125716573292 -9999 -9999 -9999 -9999 -9999 -9999 -9999 -9999 -9999 -9999 -9999 -9999 -9999 -9999 -9999 -9999
-9999 -9999 -9999 -9999 -9999 -9999 -9999 907.23048654905 905.797583726954 904.195159603508 -9999 -9999 898.186466523684 895.779248056999 893.209643199098 890.528627897956 887.800780275118 885.09740599111 882.488707937167 880.03669684544 877.790056108047 875.781456010609 874.027185192599 872.528589593927 871.274681711168 870.245327013538 869.414542053108 868.753585835799 868.233656508738 867.828105117503 867.514145921609 867.274083731281 867.096100209433 866.974650006608 866.910519486796 866.910599497328 866.987421441841 867.158503942733 -9999 -9999 -9999 -9999 870.282888853138 871.557367539412 873.11418926145 874.978842480272 877.174274855683 879.720427780505 -9999 -9999 -9999 -9999 -9999 -9999 -9999 -9999 -9999 -9999 -9999 -9999 -9999 -9999 961.843512797284 969.418124190743 976.983843424538
-9999 -9999 -9999 -9999 -9999 -9999 -9999 -9999 905.345785754696 903.796207319766 -9999 -9999 897.623468396082 895.031241487335 892.215750761697 889.243353211287 886.20066460125 883.183741793251 880.285954664287 877.587534911181 875.14865563465 -9999 871.175750624287 869.651471071789 868.413302896333 867.430118805962 866.664524185786 866.076852460884 865.628485836186 865.284459497226 865.015381421597 864.798736111234 864.619652549937 864.471215490906 -9999 864.277641079533 864.256255692061 864.311507146123 864.469628858312 -9999 -9999 865.874221171743 866.765566962991 867.925475188469 869.386298053448 871.177983997814 873.327434329166 -9999 -9999 -9999 -9999 -9999 -9999 -9999 -9999 -9999 -9999 -9999 -9999 -9999 946.568147947058 954.527008913682 962.67593774571 970.945403553647 979.251007876062
-9999 -9999 -9999 -9999 -9999 -9999 -9999 -9999 -9999 903.510846539121 901.749791350565 899.65407993546 897.198228259075 894.387864289109 891.269506089161 -9999 884.491548749622 881.083212822293 877.832187572093 874.842945787485 872.189300539817 869.911902197378 868.020654044557 866.500070028805 -9999 864.421672935056 863.764932128339 863.292033561809 862.952217871179 862.700532590321 862.499884087731 862.322334223968 862.149771500993 861.974068033444 861.796814136637 861.628706442091 861.488654843983 -9999 -9999 -9999 861.80814033648 862.293926870257 863.023088209722 864.035699973015 865.369740170251 867.060185730691 -9999 -9999 -9999 -9999 -9999 -9999 -9999 -9999 -9999 -9999 -9999 -9999 -9999 -9999 945.8200228624 954.409565636748 963.250806496132 972.274711607805 981.395062125925
-9999 -9999 -9999 -9999 -9999 -9999 -9999 -9999 -9999 -9999 901.662016566308 899.549125461667 896.964594727758 893.897482628846 890.400404409493 886.59275691347 882.643172541745 -9999 875.051566623831 871.718809909388 868.828945459307 866.422935316287 864.500244641619 863.028283225325 861.952483198609 861.205559818535 860.715276849176 860.410535264377 860.225881660106 860.104657533813 860.001039985263 859.881202676887 859.723783706609 859.519803062154 859.272136044473 858.99462382577 858.710887881025 -9999 -9999 858.174269046686 858.24453474516 858.518946564796 859.046188963476 859.873444840038 861.045129546122 862.601865009498 -9999 -9999 -9999 -9999 -9999 -9999 -9999 -9999 -9999 -9999 -9999 -9999 -9999 -9999 -9999 -9999 -9999 973.325860713171 983.33546209064
906.830661017578 -9999 -9999 -9999 -9999 -9999 -9999 -9999 -9999 -9999 901.776370987149 899.696760106917 896.99762298611 893.630850649932 889.651405060811 885.22739971271 880.607467138792 876.063134213127 871.83474225384 868.09861064248 864.957035357595 862.44406991393 860.539127345998 859.182754366739 858.291416126598 857.769875388463 857.520790108043 857.451706465083 857.479866209198 857.535300274027 857.562632292872 857.521926378703 -9999 -9999 856.822892294294 856.413336545135 -9999 -9999 855.058681719676 854.720650954481 854.53033490585 854.545816751793 854.824732434099 855.422523537955 856.390958891312 857.776969400104 -9999 -9999 -9999 -9999 -9999 -9999 -9999 -9999 -9999 -9999 -9999 -9999 -9999 -9999 -9999 -9999 -9999 -9999 -9999
904.400338146038 -9999 -9999 -9999 -9999 -9999 -9999 -9999 -9999 -9999 902.116445337041 900.169153700357 897.405581594236 893.69621037948 889.087113962615 883.828030695855 878.304705992266 872.924229507984 868.022240983371 863.820863533039 860.427619860591 857.855210790856 856.04750820968 854.904300056056 854.301833606385 854.10846817103 854.195807406915 854.446122595742 854.756972128394 855.043823851721 855.241305932196 855.303522168767 855.203708546946 854.933392778063 854.501146194902 853.930979833424 -9999 852.538339403815 851.822508490478 851.177101101753 850.670090404008 850.370733579561 850.347220582037 850.664591005044 851.383001580103 852.556401504112 -9999 -9999 -9999 -9999 -9999 -9999 -9999 -9999 -9999 -9999 -9999 -9999 -9999 -9999 -9999 -9999 -9999 -9999 -9999
901.867452340996 -9999 -9999 -9999 -9999 -9999 -9999 -9999 -9999 -9999 902.675501549764 901.049589704418 898.350792118095 894.268050484455 888.807113175248 882.370207053826 875.595628705824 869.11131573263 863.379918411111 858.663225633364 855.05128111224 852.509439624905 850.922730394644 850.131599099636 849.958417121534 850.225807478862 850.768405326535 851.439786957214 852.116117159601 852.697715811779 853.109365381017 853.299858307715 853.241049199286 852.926528328808 852.369952602225 -9999 850.673220741059 849.641003420262 848.577052843071 847.559121597434 846.668914541919 845.989030193002 845.600116958089 845.578376170129 845.993521642162 846.907270878776 -9999 -9999 -9999 -9999 860.48067422688 -9999 -9999 -9999 -9999 -9999 -9999 -9999 -9999 -9999 -9999 -9999 -9999 -9999 -9999
899.287059115786 900.942185348822 -9999 -9999 -9999 -9999 904.131925441873 904.003730017503 903.850407687981 903.692039290068 903.365237470622 902.4142537447 900.08679298586 895.646355216491 888.96583088572 880.777472379387 872.223528610509 864.285410078037 857.565365689499 852.325297225407 848.589576242727 846.234652703157 845.05480859556 844.808382017785 845.248810650098 846.143895683146 847.286454219274 848.499265930326 849.636639554786 -9999 -9999 -9999 -9999 -9999 -9999 849.495581201884 848.248572785599 846.838765685689 845.352571118643 843.884229668001 842.53200202824 841.394440502997 840.566927977566 840.138663121032 840.190240901533 840.791929274428 -9999 -9999 -9999 -9999 853.721067875977 -9999 -9999 -9999 -9999 -9999 -9999 -9999 -9999 -9999 -9999 -9999 -9999 -9999 -9999
896.743471835652 899.110632668899 -9999 902.309457863394 903.043210007914 903.284446236876 -9999 903.021871937445 902.991977506569 903.294826487257 903.894396100444 904.253586248145 903.023512764649 898.393435934996 889.789827830549 878.815382379797 867.694613390009 857.900379194748 850.090005288566 844.416691335848 840.757256414998 838.842738704243 838.338324941263 838.895529338448 840.184554736952 841.911480136093 843.825068036035 845.717607524769 847.423009128741 848.81404180145 -9999 850.32220503803 -9999 -9999 848.995906174133 847.686578949655 846.05091828259 844.181373816053 842.183533715025 840.17163804244 838.263932206772 836.578092288081 835.22697695368 834.314952834862 833.935000090097 834.166736464214 835.075411418582 -9999 -9999 842.303966804964 846.2986819686 -9999 -9999 863.133238201677 870.346470806853 -9999 887.127277372941 -9999 -9999 -9999 -9999 -9999 -9999 -9999 -9999
894.35988154892 897.576170376106 900.050888255385 901.663557037292 902.415901375418 902.438639073196 -9999 901.425408088197 901.198940617246 901.776359755038 903.503448762659 906.16481473 907.807800895416 903.712283595093 891.497561932477 875.764035055145 861.05482995492 849.111152673945 840.297313360127 834.463981652175 831.240018806915 830.150745229925 830.693232912098 832.389360448214 834.815936152166 837.6154644869 840.495103404046 843.220630913066 845.609570124253 847.525290327255 848.872509185658 849.593972233792 849.667862326284 -9999 847.948735714864 846.267325921782 844.155113392982 841.725926367328 839.108642297269 836.441761752949 833.867706852911 831.527158874171 829.553787638483 828.069719318193 827.182034905947 826.98049321878 827.536544836732 -9999 831.118154801004 834.202153789443 838.165233312989 -9999 -9999 855.300427048331 862.727740300938 870.992389860103 880.083581163602 889.993514465536 900.718540480115 912.260227648976 924.626458041878 -9999 -9999 -9999 982.795441528496
892.309370900862 896.557788553983 899.703095553602 901.579275375174 902.184613628317 901.693171235545 -9999 -9999 897.918142226098 898.112218307155 900.543536328715 906.256385827764 914.906673104511 914.892807610346 893.326493619945 869.525478694605 850.617566772937 -9999 827.401433999327 821.954194206719 819.735165631925 820.01793884874 822.096680455897 825.346823844627 829.250488683582 833.393766677549 837.451841559081 841.172814806989 844.364716677399 846.886469880631 848.642096422009 849.577106150253 -9999 -9999 847.487175023016 845.344018948795 842.647556984721 839.537441374579 836.170776137418 832.715525916178 829.343462710979 826.223080404336 823.512969928928 821.35614889359 819.875766905455 819.172464956703 819.323476291704 820.383354688047 822.386045775282 825.347909888912 829.271273662351 -9999 -9999 846.699371249598 854.335927313548 862.8552222217 872.242259296762 882.486589193501 893.583556603136 905.535495518761 918.353064760058 932.056963957966 -9999 962.272393510006 978.903685763487
890.826736508242 896.358463689052 900.295422593638 902.39932253662 902.650575964987 901.262999380375 898.67537073966 -9999 892.672859661842 891.174628851221 892.498710196625 898.979271797167 916.000036867107 945.440889433624 886.854487998254 855.547091138763 834.148769489415 819.5820054287 810.627687421046 806.419611802156 806.016437161094 808.401037272475 812.6271803218 817.917181935818 823.673623445312 829.447819435061 834.902267267351 839.78158826643 843.893683883058 847.098775590318 849.30359566009 -9999 -9999 849.630708642082 847.755047459375 845.039590426972 841.627526692578 837.689532977389 833.416895954133 829.013454349626 824.686788168818 820.63924082839 817.059466587553 814.11521614884 811.947980448666 810.669903710052 810.363084730354 811.08107405581 812.852117401222 815.683547043992 819.566700247979 -9999 -9999 837.299944636152 845.145267870634 853.912826370846 863.581623340144 874.136804513698 -9999 897.884330609196 911.087741658756 925.202580898972 940.264193187511 956.325686555227 973.464272330618
890.220036401381 897.385634909834 -9999 -9999 904.265095367793 901.519813184978 896.913194095065 -9999 -9999 880.449117494768 877.806732902969 878.96964240542 884.555725935044 882.426181351582 856.445806249055 830.137363953455 -9999 796.789156053972 789.400282420276 787.531072097322 790.017962622405 795.431162647588 802.522055571472 810.377647981019 818.3676446041 826.051366175772 833.108510311909 839.298446545178 844.43901288181 848.396717636961 851.083142923614 -9999 852.511888499029 851.302569040851 848.918757411416 845.495956128236 841.208875528864 836.265310464135 830.897965020936 825.35452953933 819.886560654656 814.737952377458 810.133971442096 806.271899534634 803.314217113638 801.38495680191 800.56939655696 800.916767008124 802.445247941615 805.148322745874 809.001568288244 -9999 -9999 827.07961443523 835.139419160018 844.153397432514 854.092819937563 864.936785649559 876.672987473389 889.298330013934 902.819642806104 917.254766156039 932.634353976128 949.004862352856 966.433418609972
890.879689969585 900.173162243752 906.344622979389 908.876358875388 -9999 903.012416740749 895.622888686437 -9999 -9999 866.553412344636 857.780247679727 850.496684880078 843.566355164852 832.669614729687 815.313694996732 796.236672481591 779.836899990273 768.344354672414 763.36382523294 765.142340378166 771.952421839669 781.52734217995 792.247357720197 803.165239176806 813.721573538793 823.550294586992 832.384330413604 -9999 -9999 851.046866031441 -9999 -9999 855.775877668719 854.19137928147 851.170418907793 846.876920284009 841.522314167496 835.358680455521 828.668995595436 821.754835174063 814.922207650796 808.466551836884 802.658259107598 797.730265456417 793.869162647165 791.210828056239 789.840834404498 789.799081743088 791.087454102381 793.679020750157 797.527396699834 -9999 808.761231284553 816.025536029826 824.313503446727 833.578161338302 843.781600643614 854.895604678605 866.901778769461 -9999 893.565322395855 908.233780145316 923.816881466675 940.345368483493 957.862122176825
893.280097881649 -9999 913.266924673006 916.083505819747 913.662542658472 906.454498633827 895.410252409126 -9999 -9999 850.841151566809 835.130659801911 819.479102651345 803.679200452636 788.178458922234 773.506813903012 -9999 745.266138603437 734.667578929521 731.962039756356 739.330399590335 752.578824308864 767.575067531088 782.56376936784 796.884696859053 -9999 822.346941437949 833.081709842009 842.254257608828 849.715751855801 -9999 -9999 -9999 860.61399415839 858.544307784854 854.731930601825 849.3720787449 842.718601957518 835.076325842692 826.789404332879 818.226033197389 809.760284269665 801.752348340885 794.529062120402 788.367038224732 783.480720153767 780.017032990217 778.057067570157 777.623823406082 778.693972034638 781.21123119797 -9999 -9999 796.645402969492 804.137077095765 812.676372259889 822.203281172465 832.669807004066 844.03979541073 856.288159482907 869.399725768631 883.367866413461 898.193019178011 913.881106970479 930.441704193939 947.885470252624
